40.407001
40.407001
40.894001
40.894001
40.407001
40.407001
40.407001
40.407001
40.407001
40.407001
40.407001
40.407001
40.407001
40.407001
40.407001
40.407001
40.407001
40.894001
40.894001
40.407001
40.407001
40.894001
40.894001
40.894001
40.894001
40.894001
40.894001
40.894001
40.894001
40.894001
40.407001
40.407001
41.381001
41.381001
40.407001
40.407001
40.407001
39.919998
39.919998
39.919998
39.919998
40.894001
40.894001
38.945999
38.945999
40.407001
40.407001
40.407001
40.407001
40.407001
40.407001
40.407001
40.407001
40.407001
40.894001
40.894001
40.894001
40.894001
40.894001
40.894001
41.381001
41.381001
41.381001
40.894001
40.894001
39.919998
39.919998
40.407001
40.407001
39.919998
39.919998
40.894001
40.894001
40.894001
39.919998
39.919998
40.407001
40.407001
40.894001
40.894001
39.919998
39.919998
39.919998
39.919998
40.894001
40.894001
40.894001
40.407001
40.407001
39.432999
39.432999
40.407001
40.407001
40.407001
40.407001
39.919998
39.919998
40.407001
40.407001
40.407001
39.919998
39.919998
40.407001
40.407001
40.407001
40.407001
40.894001
40.894001
39.919998
39.919998
40.407001
40.407001
40.407001
40.894001
40.894001
40.407001
40.407001
40.407001
40.407001
40.894001
40.894001
40.894001
40.894001
39.919998
39.919998
39.919998
39.919998
39.919998
40.894001
40.894001
40.407001
40.407001
41.381001
41.381001
39.919998
39.919998
40.407001
40.407001
40.407001
40.407001
40.407001
40.407001
40.407001
40.407001
40.407001
40.894001
40.894001
39.919998
39.919998
40.894001
40.894001
40.894001
41.868000
41.868000
40.894001
40.894001
40.894001
40.894001
41.381001
41.381001
41.868000
41.868000
39.919998
39.919998
39.919998
39.919998
39.919998
40.894001
40.894001
40.894001
40.894001
40.407001
40.407001
39.919998
39.919998
39.432999
39.432999
39.432999
41.381001
41.381001
41.381001
41.381001
39.919998
39.919998
40.894001
40.894001
40.407001
40.407001
40.407001
40.407001
40.407001
41.868000
41.868000
41.381001
41.381001
40.407001
40.407001
40.894001
40.894001
39.919998
39.919998
40.894001
40.894001
40.894001
40.407001
40.407001
41.381001
41.381001
39.919998
39.919998
40.894001
40.894001
40.407001
40.407001
41.381001
41.381001
41.381001
39.919998
39.919998
40.894001
40.894001
40.894001
40.894001
40.407001
40.407001
40.407001
40.407001
39.919998
39.919998
39.919998
40.407001
40.407001
39.919998
39.919998
40.894001
40.894001
40.407001
40.407001
40.407001
40.407001
40.407001
40.894001
40.894001
40.894001
40.894001
40.407001
40.407001
40.894001
40.894001
40.894001
40.894001
39.919998
39.919998
39.919998
40.407001
40.407001
39.919998
39.919998
40.407001
40.407001
40.407001
40.407001
39.432999
39.432999
40.894001
40.894001
40.894001
40.894001
40.894001
40.894001
40.894001
40.894001
40.894001
41.381001
41.381001
40.407001
40.407001
41.381001
41.381001
41.381001
40.894001
40.894001
41.381001
41.381001
40.407001
40.407001
40.407001
40.407001
40.407001
40.407001
40.407001
40.407001
40.407001
40.894001
40.894001
39.919998
39.919998
39.919998
39.919998
39.919998
39.919998
40.894001
40.894001
41.868000
41.868000
41.868000
39.432999
39.432999
39.919998
39.919998
40.894001
40.894001
39.919998
39.919998
40.407001
40.407001
40.894001
40.894001
40.894001
39.432999
